
 2 10 2 1639060
 2 10 3 2165580
 2 10 4 2349212
 2 10 5 2734219
 2 10 6 2562758
 2 10 7 1628499
 2 10 8 1555389
 2 10 9 1525921
 2 10 10 1707558
 2 10 11 1706011
 2 10 12 1867823
 2 10 13 1835219
 2 10 14 2026764
 2 10 15 1930284
 2 10 16 1837356
 2 10 17 1786187
 2 10 18 1833906
 2 10 19 1649403
 2 10 20 1514617
 2 10 21 1584243
 2 10 22 1731117
 2 10 23 1689266
 2 10 24 1635893
 2 10 25 1502342
 2 10 26 1356962
 2 10 27 1365657
 2 10 28 1536709
 2 10 29 1599854
 2 11 2 1733761
 2 11 3 2044345
 2 11 4 2379846
 2 11 5 2704506
 2 11 6 2116315
 2 11 7 1687687
 2 11 8 1503882
 2 11 9 1703369
 2 11 10 1706011
 2 11 11 1875307
 2 11 12 1816191
 2 11 13 1932293
 2 11 14 1711941
 2 11 15 1745365
 2 11 16 1770618
 2 11 17 1812080
 2 11 18 1522033
 2 11 19 1528129
 2 11 20 1513259
 2 11 21 1637193
 2 11 22 1504466
 2 11 23 1534735
 2 11 24 1417144
 2 11 25 1542978
 2 11 26 1616519
 2 11 27 1677320
 2 11 28 1561979
 2 11 29 1294597
 2 12 2 1505077
 2 12 3 2418147
 2 12 4 2253410
 2 12 5 2850681
 2 12 6 1748403
 2 12 7 1527602
 2 12 8 1747161
 2 12 9 1887680
 2 12 10 1867823
 2 12 11 1816191
 2 12 12 1910091
 2 12 13 1852821
 2 12 14 1709596
 2 12 15 1703954
 2 12 16 1495089
 2 12 17 1529081
 2 12 18 1541939
 2 12 19 1650033
 2 12 20 1523025
 2 12 21 1617329
 2 12 22 1639053
 2 12 23 1624573
 2 12 24 1832671
 2 12 25 1567328
 2 12 26 1465729
 2 12 27 1425629
 2 12 28 1224892
 2 12 29 1196700
 2 13 2 1692653
 2 13 3 2767049
 2 13 4 2424810
 2 13 5 2198610
 2 13 6 1810521
 2 13 7 1534328
 2 13 8 1701202
 2 13 9 1715406
 2 13 10 1835219
 2 13 11 1932293
 2 13 12 1852821
 2 13 13 1804168
 2 13 14 1714945
 2 13 15 1453639
 2 13 16 1615411
 2 13 17 1681772
 2 13 18 1509169
 2 13 19 1538042
 2 13 20 1582399
 2 13 21 1621844
 2 13 22 1798337
 2 13 23 1556070
 2 13 24 1460808
 2 13 25 1363781
 2 13 26 1198655
 2 13 27 1199349
 2 13 28 1244996
 2 13 29 1374950
 2 14 2 1836030
 2 14 3 2335477
 2 14 4 2748848
 2 14 5 1887645
 2 14 6 1646918
 2 14 7 1710619
 2 14 8 1675080
 2 14 9 1755410
 2 14 10 1947324
 2 14 11 1711941
 2 14 12 1709596
 2 14 13 1734131
 2 14 14 1536412
 2 14 15 1478492
 2 14 16 1589779
 2 14 17 1579021
 2 14 18 1557386
 2 14 19 1545069
 2 14 20 1611797
 2 14 21 1587769
 2 14 22 1386454
 2 14 23 1405432
 2 14 24 1163118
 2 14 25 1221748
 2 14 26 1435257
 2 14 27 1320937
 2 14 28 1207532
 2 14 29 1262213
 2 15 2 1780173
 2 15 3 2055887
 2 15 4 2479154
 2 15 5 2082033
 2 15 6 1607399
 2 15 7 1596297
 2 15 8 1830361
 2 15 9 2132290
 2 15 10 1930284
 2 15 11 1745365
 2 15 12 1723018
 2 15 13 1453639
 2 15 14 1478492
 2 15 15 1589779
 2 15 16 1611898
 2 15 17 1677125
 2 15 18 1540145
 2 15 19 1740336
 2 15 20 1422851
 2 15 21 1399199
 2 15 22 1156501
 2 15 23 1204660
 2 15 24 1427797
 2 15 25 1358880
 2 15 26 1148880
 2 15 27 1186522
 2 15 28 1222056
 2 15 29 1228605
 2 16 2 1953930
 2 16 3 2145960
 2 16 4 2514913
 2 16 5 1874329
 2 16 6 1646120
 2 16 7 1679634
 2 16 8 1835491
 2 16 9 2096228
 2 16 10 1837356
 2 16 11 1770618
 2 16 12 1495089
 2 16 13 1615411
 2 16 14 1589779
 2 16 15 1611898
 2 16 16 1677125
 2 16 17 1540145
 2 16 18 1582132
 2 16 19 1391125
 2 16 20 1349993
 2 16 21 1175917
 2 16 22 1383015
 2 16 23 1375493
 2 16 24 1191921
 2 16 25 1131487
 2 16 26 1129481
 2 16 27 1104977
 2 16 28 1117247
 2 16 29 1105141
 2 17 2 2335212
 2 17 3 2355485
 2 17 4 2100507
 2 17 5 1760660
 2 17 6 1591814
 2 17 7 1666927
 2 17 8 2103130
 2 17 9 1900198
 2 17 10 1786187
 2 17 11 1832354
 2 17 12 1529081
 2 17 13 1681772
 2 17 14 1579021
 2 17 15 1677125
 2 17 16 1540145
 2 17 17 1582132
 2 17 18 1367062
 2 17 19 1279226
 2 17 20 1204031
 2 17 21 1431736
 2 17 22 1375493
 2 17 23 1126787
 2 17 24 1216300
 2 17 25 1046173
 2 17 26 1117247
 2 17 27 1153090
 2 17 28 1166977
 2 17 29 1133872
 2 18 2 2411656
 2 18 3 2528333
 2 18 4 2152612
 2 18 5 1788671
 2 18 6 1523205
 2 18 7 1765970
 2 18 8 2051951
 2 18 9 1845828
 2 18 10 1854423
 2 18 11 1522033
 2 18 12 1541939
 2 18 13 1509169
 2 18 14 1557386
 2 18 15 1540145
 2 18 16 1582132
 2 18 17 1367062
 2 18 18 1280848
 2 18 19 1388031
 2 18 20 1375493
 2 18 21 1257079
 2 18 22 1162901
 2 18 23 1027286
 2 18 24 1046173
 2 18 25 1152576
 2 18 26 1166977
 2 18 27 1129140
 2 18 28 1121328
 2 18 29 1105478
 2 19 2 2611334
 2 19 3 2302526
 2 19 4 2277318
 2 19 5 1706852
 2 19 6 1490284
 2 19 7 1908282
 2 19 8 1830014
 2 19 9 1929578
 2 19 10 1667857
 2 19 11 1528129
 2 19 12 1650033
 2 19 13 1538042
 2 19 14 1545069
 2 19 15 1740336
 2 19 16 1391125
 2 19 17 1279226
 2 19 18 1388031
 2 19 19 1375493
 2 19 20 1257079
 2 19 21 1210070
 2 19 22 1045358
 2 19 23 1057790
 2 19 24 1153090
 2 19 25 1161679
 2 19 26 1129140
 2 19 27 1088184
 2 19 28 1066755
 2 19 29 1121063
 2 20 2 2621385
 2 20 3 2414821
 2 20 4 2102046
 2 20 5 1677256
 2 20 6 1751542
 2 20 7 2020737
 2 20 8 1856154
 2 20 9 1894574
 2 20 10 1531563
 2 20 11 1513259
 2 20 12 1523025
 2 20 13 1582399
 2 20 14 1611797
 2 20 15 1422851
 2 20 16 1349993
 2 20 17 1204031
 2 20 18 1375493
 2 20 19 1257079
 2 20 20 1216633
 2 20 21 1091838
 2 20 22 1056366
 2 20 23 1166977
 2 20 24 1129140
 2 20 25 1117399
 2 20 26 1094115
 2 20 27 1120201
 2 20 28 1106978
 2 20 29 1152287
 2 21 2 3120960
 2 21 3 2717827
 2 21 4 1996205
 2 21 5 1757010
 2 21 6 1992005
 2 21 7 2064398
 2 21 8 1855923
 2 21 9 1966376
 2 21 10 1601967
 2 21 11 1637193
 2 21 12 1617329
 2 21 13 1621844
 2 21 14 1587769
 2 21 15 1399199
 2 21 16 1175917
 2 21 17 1436930
 2 21 18 1257079
 2 21 19 1210070
 2 21 20 1091838
 2 21 21 1056366
 2 21 22 1166977
 2 21 23 1129140
 2 21 24 1123710
 2 21 25 1098627
 2 21 26 1120201
 2 21 27 1102123
 2 21 28 1002950
 2 21 29 912076
 2 22 2 3585962
 2 22 3 2318080
 2 22 4 1914785
 2 22 5 1674148
 2 22 6 1948437
 2 22 7 1946090
 2 22 8 1901104
 2 22 9 1830494
 2 22 10 1731117
 2 22 11 1504466
 2 22 12 1639053
 2 22 13 1798337
 2 22 14 1386454
 2 22 15 1156501
 2 22 16 1388031
 2 22 17 1375493
 2 22 18 1162901
 2 22 19 1045358
 2 22 20 1056366
 2 22 21 1166977
 2 22 22 1129140
 2 22 23 1123710
 2 22 24 1066755
 2 22 25 1118384
 2 22 26 1134261
 2 22 27 982923
 2 22 28 812741
 2 22 29 958437
 2 23 2 3746244
 2 23 3 2094965
 2 23 4 2089043
 2 23 5 1856539
 2 23 6 1970598
 2 23 7 1932190
 2 23 8 2036187
 2 23 9 1616878
 2 23 10 1689266
 2 23 11 1534735
 2 23 12 1624573
 2 23 13 1556070
 2 23 14 1405432
 2 23 15 1204660
 2 23 16 1375493
 2 23 17 1126787
 2 23 18 1027286
 2 23 19 1057790
 2 23 20 1166977
 2 23 21 1129140
 2 23 22 1123710
 2 23 23 1066755
 2 23 24 1118384
 2 23 25 1134261
 2 23 26 1016644
 2 23 27 812100
 2 23 28 944396
 2 23 29 971345
 2 24 2 3836899
 2 24 3 1869610
 2 24 4 2155388
 2 24 5 1792911
 2 24 6 2110043
 2 24 7 2007220
 2 24 8 2015522
 2 24 9 1705027
 2 24 10 1635893
 2 24 11 1417144
 2 24 12 1832671
 2 24 13 1460808
 2 24 14 1163118
 2 24 15 1432976
 2 24 16 1191921
 2 24 17 1216300
 2 24 18 1046173
 2 24 19 1153090
 2 24 20 1129140
 2 24 21 1123710
 2 24 22 1066755
 2 24 23 1118384
 2 24 24 1134261
 2 24 25 912076
 2 24 26 966075
 2 24 27 944396
 2 24 28 918227
 2 24 29 969994
 2 25 2 3510892
 2 25 3 1992639
 2 25 4 2321493
 2 25 5 2104256
 2 25 6 2001235
 2 25 7 1890189
 2 25 8 1691721
 2 25 9 1837625
 2 25 10 1502342
 2 25 11 1542978
 2 25 12 1567328
 2 25 13 1363781
 2 25 14 1221748
 2 25 15 1358880
 2 25 16 1131487
 2 25 17 1046173
 2 25 18 1142137
 2 25 19 1161679
 2 25 20 1117399
 2 25 21 1098627
 2 25 22 1118384
 2 25 23 1134261
 2 25 24 912076
 2 25 25 966075
 2 25 26 971345
 2 25 27 918227
 2 25 28 991852
 2 25 29 992915
 2 26 2 4698530
 2 26 3 2573056
 2 26 4 2275181
 2 26 5 2086588
 2 26 6 2161087
 2 26 7 1980068
 2 26 8 1833800
 2 26 9 1696450
 2 26 10 1356962
 2 26 11 1616519
 2 26 12 1465729
 2 26 13 1198655
 2 26 14 1440463
 2 26 15 1148880
 2 26 16 1129481
 2 26 17 1100600
 2 26 18 1166977
 2 26 19 1129140
 2 26 20 1094115
 2 26 21 1120201
 2 26 22 1134246
 2 26 23 1016644
 2 26 24 966075
 2 26 25 971345
 2 26 26 941095
 2 26 27 991852
 2 26 28 992915
 2 26 29 989647
 2 27 2 4660325
 2 27 3 2554771
 2 27 4 2169045
 2 27 5 2030015
 2 27 6 2224109
 2 27 7 1954702
 2 27 8 1679256
 2 27 9 1666442
 2 27 10 1365657
 2 27 11 1677320
 2 27 12 1425629
 2 27 13 1199349
 2 27 14 1325729
 2 27 15 1186522
 2 27 16 1088513
 2 27 17 1153090
 2 27 18 1129140
 2 27 19 1088184
 2 27 20 1120201
 2 27 21 1102108
 2 27 22 982923
 2 27 23 812100
 2 27 24 944396
 2 27 25 918227
 2 27 26 963635
 2 27 27 992915
 2 27 28 975589
 2 27 29 1024689
 2 28 2 4391975
 2 28 3 2586139
 2 28 4 2198544
 2 28 5 2113221
 2 28 6 2321820
 2 28 7 1986889
 2 28 8 1701685
 2 28 9 1661734
 2 28 10 1536709
 2 28 11 1554197
 2 28 12 1224892
 2 28 13 1249512
 2 28 14 1211912
 2 28 15 1222056
 2 28 16 1100600
 2 28 17 1108006
 2 28 18 1121328
 2 28 19 1066755
 2 28 20 1123706
 2 28 21 1002950
 2 28 22 812741
 2 28 23 944396
 2 28 24 918227
 2 28 25 963635
 2 28 26 992915
 2 28 27 975589
 2 28 28 1024689
 2 28 29 1076757
 2 29 2 4205560
 2 29 3 2586139
 2 29 4 1904151
 2 29 5 2336024
 2 29 6 2181446
 2 29 7 1927380
 2 29 8 1773771
 2 29 9 1510940
 2 29 10 1599854
 2 29 11 1294597
 2 29 12 1196700
 2 29 13 1379937
 2 29 14 1262213
 2 29 15 1210299
 2 29 16 1105141
 2 29 17 1133872
 2 29 18 1105478
 2 29 19 1138004
 2 29 20 1152287
 2 29 21 912076