
 2 10 2 1639060
 2 10 3 2165580
 2 10 4 2349212
 2 10 5 2734219
 2 10 6 2562758
 2 10 7 1628499
 2 10 8 1555389
 2 10 9 1525921
 2 10 10 1707558
 2 10 11 1706011
 2 10 12 1867823
 2 10 13 1835219
 2 10 14 2026764
 2 10 15 1930284
 2 10 16 1837356
 2 10 17 1786187
 2 10 18 1833906
 2 10 19 1649403
 2 10 20 1514617
 2 10 21 1584243
 2 10 22 1731117
 2 10 23 1689266
 2 10 24 1635893
 2 10 25 1502342
 2 10 26 1356962
 2 10 27 1365657
 2 10 28 1536709
 2 10 29 1599854
 2 11 2 1733761
 2 11 3 2044345
 2 11 4 2379846
 2 11 5 2704506
 2 11 6 2116315
 2 11 7 1687687
 2 11 8 1503882
 2 11 9 1703369
 2 11 10 1706011
 2 11 11 1875307
 2 11 12 1816191
 2 11 13 1932293
 2 11 14 1711941
 2 11 15 1745365
 2 11 16 1770618
 2 11 17 1812080
 2 11 18 1522033
 2 11 19 1528129
 2 11 20 1513259
 2 11 21 1637193
 2 11 22 1504466
 2 11 23 1534735
 2 11 24 1417144
 2 11 25 1542978
 2 11 26 1616519
 2 11 27 1677320
 2 11 28 1561979
 2 11 29 1294597
 2 12 2 1505077
 2 12 3 2418147
 2 12 4 2253410
 2 12 5 2850681
 2 12 6 1748403
 2 12 7 1527602
 2 12 8 1747161
 2 12 9 1887680
 2 12 10 1867823
 2 12 11 1816191
 2 12 12 1910091
 2 12 13 1852821
 2 12 14 1709596
 2 12 15 1703954
 2 12 16 1495089
 2 12 17 1529081
 2 12 18 1541939
 2 12 19 1650033
 2 12 20 1523025
 2 12 21 1617329
 2 12 22 1639053
 2 12 23 1624573
 2 12 24 1832671
 2 12 25 1567328
 2 12 26 1465729
 2 12 27 1425629
 2 12 28 1224892
 2 12 29 1196700
 2 13 2 1692653
 2 13 3 2767049
 2 13 4 2424810
 2 13 5 2198610
 2 13 6 1810521
 2 13 7 1534328
 2 13 8 1701202
 2 13 9 1715406
 2 13 10 1835219
 2 13 11 1932293
 2 13 12 1852821
 2 13 13 1804168
 2 13 14 1714945
 2 13 15 1453639
 2 13 16 1615411
 2 13 17 1681772
 2 13 18 1509169
 2 13 19 1538042
 2 13 20 1582399
 2 13 21 1621844
 2 13 22 1798337
 2 13 23 1556070
 2 13 24 1460808
 2 13 25 1363781
 2 13 26 1198655
 2 13 27 1199349
 2 13 28 1244996
 2 13 29 1374950
 2 14 2 1836030
 2 14 3 2335477
 2 14 4 2748848
 2 14 5 1887645
 2 14 6 1646918
 2 14 7 1710619
 2 14 8 1675080
 2 14 9 1755410
 2 14 10 1947324
 2 14 11 1711941
 2 14 12 1709596
 2 14 13 1734131
 2 14 14 1536412
 2 14 15 1478492
 2 14 16 1589779
 2 14 17 1579021
 2 14 18 1557386
 2 14 19 1545069
 2 14 20 1611797
 2 14 21 1587769
 2 14 22 1386454
 2 14 23 1405432
 2 14 24 1163118
 2 14 25 1221748
 2 14 26 1435257
 2 14 27 1320937
 2 14 28 1207532
 2 14 29 1262213
 2 15 2 1780173
 2 15 3 2055887
 2 15 4 2479154
 2 15 5 2082033
 2 15 6 1607399
 2 15 7 1596297
 2 15 8 1830361
 2 15 9 2132290
 2 15 10 1930284
 2 15 11 1745365
 2 15 12 1723018
 2 15 13 1453639
 2 15 14 1478492
 2 15 15 1589779
 2 15 16 1611898
 2 15 17 1677125
 2 15 18 1540145
 2 15 19 1740336
 2 15 20 1422851
 2 15 21 1399199
 2 15 22 1156501
 2 15 23 1204660
 2 15 24 1427797
 2 15 25 1358880
 2 15 26 1148880
 2 15 27 1186522
 2 15 28 1222056
 2 15 29 1228605
 2 16 2 1953930
 2 16 3 2145960
 2 16 4 2514913
 2 16 5 1874329
 2 16 6 1646120
 2 16 7 1679634
 2 16 8 1835491
 2 16 9 2096228
 2 16 10 1837356
 2 16 11 1770618
 2 16 12 1495089
 2 16 13 1615411
 2 16 14 1589779
 2 16 15 1611898
 2 16 16 1677125
 2 16 17 1540145
 2 16 18 1582132
 2 16 19 1391125
 2 16 20 1349993
 2 16 21 1175917
 2 16 22 1383015
 2 16 23 1375493
 2 16 24 1191921
 2 16 25 1131487
 2 16 26 1129481
 2 16 27 1104977
 2 16 28 1117247
 2 16 29 1105141
 2 17 2 2335212
 2 17 3 2355485
 2 17 4 2100507
 2 17 5 1760660
 2 17 6 1591814
 2 17 7 1666927
 2 17 8 2103130
 2 17 9 1900198
 2 17 10 1786187
 2 17 11 1832354
 2 17 12 1529081
 2 17 13 1681772
 2 17 14 1579021
 2 17 15 1677125
 2 17 16 1540145
 2 17 17 1582132
 2 17 18 1367062
 2 17 19 1279226
 2 17 20 1204031
 2 17 21 1431736
 2 17 22 1375493
 2 17 23 1126787
 2 17 24 1216300
 2 17 25 1046173
 2 17 26 1117247
 2 17 27 1153090
 2 17 28 1166977
 2 17 29 1133872
 2 18 2 2411656
 2 18 3 2528333
 2 18 4 2152612
 2 18 5 1788671
 2 18 6 1523205
 2 18 7 1765970
 2 18 8 2051951
 2 18 9 1845828
 2 18 10 1854423
 2 18 11 1522033
 2 18 12 1541939
 2 18 13 1509169
 2 18 14 1557386
 2 18 15 1540145
 2 18 16 1582132
 2 18 17 1367062
 2 18 18 1280848
 2 18 19 1388031
 2 18 20 1375493
 2 18 21 1257079
 2 18 22 1162901
 2 18 23 1027286
 2 18 24 1046173
 2 18 25 1152576
 2 18 26 1166977
 2 18 27 1129140
 2 18 28 1121328
 2 18 29 1105478
 2 19 2 2611334
 2 19 3 2302526
 2 19 4 2277318
 2 19 5 1706852
 2 19 6 1490284
 2 19 7 1908282
 2 19 8 1830014
 2 19 9 1929578
 2 19 10 1667857
 2 19 11 1528129
 2 19 12 1650033
 2 19 13 1538042
 2 19 14 1545069
 2 19 15 1740336
 2 19 16 1391125
 2 19 17 1279226
 2 19 18 1388031
 2 19 19 1375493
 2 19 20 1257079
 2 19 21 1210070
 2 19 22 1045358
 2 19 23 1057790
 2 19 24 1153090
 2 19 25 1161679
 2 19 26 1129140
 2 19 27 1088184
 2 19 28 1066755
 2 19 29 1121063
 2 20 2 2621385
 2 20 3 2414821
 2 20 4 2102046
 2 20 5 1677256
 2 20 6 1751542
 2 20 7 2020737
 2 20 8 1856154
 2 20 9 1894574
 2 20 10 1531563
 2 20 11 1513259
 2 20 12 1523025
 2 20 13 1582399
 2 20 14 1611797
 2 20 15 1422851
 2 20 16 1349993
 2 20 17 1204031
 2 20 18 1375493
 2 20 19 1257079
 2 20 20 1216633
 2 20 21 1091838
 2 20 22 1056366
 2 20 23 1166977
 2 20 24 1129140
 2 20 25 1117399
 2 20 26 1094115
 2 20 27 1120201
 2 20 28 1106978
 2 20 29 1152287
 2 21 2 3120960
 2 21 3 2717827
 2 21 4 1996205
 2 21 5 1757010
 2 21 6 1992005
 2 21 7 2064398
 2 21 8 1855923
 2 21 9 1966376
 2 21 10 1601967
 2 21 11 1637193
 2 21 12 1617329
 2 21 13 1621844
 2 21 14 1587769
 2 21 15 1399199
 2 21 16 1175917
 2 21 17 1436930
 2 21 18 1257079
 2 21 19 1210070
 2 21 20 1091838
 2 21 21 1056366
 2 21 22 1166977
 2 21 23 1129140
 2 21 24 1123710
 2 21 25 1098627
 2 21 26 1120201
 2 21 27 1102123
 2 21 28 1002950
 2 21 29 912076
 2 22 2 3585962
 2 22 3 2318080
 2 22 4 1914785
 2 22 5 1674148
 2 22 6 1948437
 2 22 7 1946090
 2 22 8 1901104
 2 22 9 1830494
 2 22 10 1731117
 2 22 11 1504466
 2 22 12 1639053
 2 22 13 1798337
 2 22 14 1386454
 2 22 15 1156501
 2 22 16 1388031
 2 22 17 1375493
 2 22 18 1162901
 2 22 19 1045358
 2 22 20 1056366
 2 22 21 1166977
 2 22 22 1129140
 2 22 23 1123710
 2 22 24 1066755
 2 22 25 1118384
 2 22 26 1134261
 2 22 27 982923
 2 22 28 812741
 2 22 29 958437
 2 23 2 3746244
 2 23 3 2094965
 2 23 4 2089043
 2 23 5 1856539
 2 23 6 1970598
 2 23 7 1932190
 2 23 8 2036187
 2 23 9 1616878
 2 23 10 1689266
 2 23 11 1534735
 2 23 12 1624573
 2 23 13 1556070
 2 23 14 1405432
 2 23 15 1204660
 2 23 16 1375493
 2 23 17 1126787
 2 23 18 1027286
 2 23 19 1057790
 2 23 20 1166977
 2 23 21 1129140
 2 23 22 1123710
 2 23 23 1066755
 2 23 24 1118384
 2 23 25 1134261
 2 23 26 1016644
 2 23 27 812100
 2 23 28 944396
 2 23 29 971345
 2 24 2 3836899
 2 24 3 1869610
 2 24 4 2155388
 2 24 5 1792911
 2 24 6 2110043
 2 24 7 2007220
 2 24 8 2015522
 2 24 9 1705027
 2 24 10 1635893
 2 24 11 1417144
 2 24 12 1832671
 2 24 13 1460808
 2 24 14 1163118
 2 24 15 1432976
 2 24 16 1191921
 2 24 17 1216300
 2 24 18 1046173
 2 24 19 1153090
 2 24 20 1129140
 2 24 21 1123710
 2 24 22 1066755
 2 24 23 1118384
 2 24 24 1134261
 2 24 25 912076
 2 24 26 966075
 2 24 27 944396
 2 24 28 918227
 2 24 29 969994
 2 25 2 3510892
 2 25 3 1992639
 2 25 4 2321493
 2 25 5 2104256
 2 25 6 2001235
 2 25 7 1890189
 2 25 8 1691721
 2 25 9 1837625
 2 25 10 1502342
 2 25 11 1542978
 2 25 12 1567328
 2 25 13 1363781
 2 25 14 1221748
 2 25 15 1358880
 2 25 16 1131487
 2 25 17 1046173
 2 25 18 1142137
 2 25 19 1161679
 2 25 20 1117399
 2 25 21 1098627
 2 25 22 1118384
 2 25 23 1134261
 2 25 24 912076
 2 25 25 966075
 2 25 26 971345
 2 25 27 918227
 2 25 28 991852
 2 25 29 992915
 2 26 2 4698530
 2 26 3 2573056
 2 26 4 2275181
 2 26 5 2086588
 2 26 6 2161087
 2 26 7 1980068
 2 26 8 1833800
 2 26 9 1696450
 2 26 10 1356962
 2 26 11 1616519
 2 26 12 1465729
 2 26 13 1198655
 2 26 14 1440463
 2 26 15 1148880
 2 26 16 1129481
 2 26 17 1100600
 2 26 18 1166977
 2 26 19 1129140
 2 26 20 1094115
 2 26 21 1120201
 2 26 22 1134246
 2 26 23 1016644
 2 26 24 966075
 2 26 25 971345
 2 26 26 941095
 2 26 27 991852
 2 26 28 992915
 2 26 29 989647
 2 27 2 4660325
 2 27 3 2554771
 2 27 4 2169045
 2 27 5 2030015
 2 27 6 2224109
 2 27 7 1954702
 2 27 8 1679256
 2 27 9 1666442
 2 27 10 1365657
 2 27 11 1677320
 2 27 12 1425629
 2 27 13 1199349
 2 27 14 1325729
 2 27 15 1186522
 2 27 16 1088513
 2 27 17 1153090
 2 27 18 1129140
 2 27 19 1088184
 2 27 20 1120201
 2 27 21 1102108
 2 27 22 982923
 2 27 23 812100
 2 27 24 944396
 2 27 25 918227
 2 27 26 963635
 2 27 27 992915
 2 27 28 975589
 2 27 29 1024689
 2 28 2 4391975
 2 28 3 2586139
 2 28 4 2198544
 2 28 5 2113221
 2 28 6 2321820
 2 28 7 1986889
 2 28 8 1701685
 2 28 9 1661734
 2 28 10 1536709
 2 28 11 1554197
 2 28 12 1224892
 2 28 13 1249512
 2 28 14 1211912
 2 28 15 1222056
 2 28 16 1100600
 2 28 17 1108006
 2 28 18 1121328
 2 28 19 1066755
 2 28 20 1123706
 2 28 21 1002950
 2 28 22 812741
 2 28 23 944396
 2 28 24 918227
 2 28 25 963635
 2 28 26 992915
 2 28 27 975589
 2 28 28 1024689
 2 28 29 1076757
 2 29 2 4205560
 2 29 3 2586139
 2 29 4 1904151
 2 29 5 2336024
 2 29 6 2181446
 2 29 7 1927380
 2 29 8 1773771
 2 29 9 1510940
 2 29 10 1599854
 2 29 11 1294597
 2 29 12 1196700
 2 29 13 1379937
 2 29 14 1262213
 2 29 15 1210299
 2 29 16 1105141
 2 29 17 1133872
 2 29 18 1105478
 2 29 19 1138004
 2 29 20 1152287
 2 29 21 912076
 2 29 22 958437
 2 29 23 971345
 2 29 24 942399
 2 29 25 992915
 2 29 26 989647
 2 29 27 1024689
 2 29 28 1076757
 2 29 29 1055756
 2 30 2 4167053
 2 30 3 2626254
 2 30 4 1843978
 2 30 5 2247463
 2 30 6 2001317
 2 30 7 1926751
 2 30 8 1698364
 2 30 9 1420468
 2 30 10 1691924
 2 30 11 1319549
 2 30 12 1174010
 2 30 13 1240515
 2 30 14 1144781
 2 30 15 1061300
 2 30 16 1078133
 2 30 17 1139148
 2 30 18 1083708
 2 30 19 1121095
 2 30 20 982923
 2 30 21 927708
 2 30 22 971345
 2 30 23 938535
 2 30 24 946022
 2 30 25 988693
 2 30 26 1024689
 2 30 27 1042002
 2 30 28 1077832
 2 30 29 1046289
 2 31 2 3332604
 2 31 3 2646261
 2 31 4 1809531
 2 31 5 2374808
 2 31 6 1920745
 2 31 7 1696342
 2 31 8 1543869
 2 31 9 1410666
 2 31 10 1457752
 2 31 11 1268721
 2 31 12 1258664
 2 31 13 1190762
 2 31 14 1154281
 2 31 15 1093618
 2 31 16 1096676
 2 31 17 1105478
 2 31 18 1136385
 2 31 19 1114255
 2 31 20 771230
 2 31 21 971345
 2 31 22 984416
 2 31 23 991852
 2 31 24 984200
 2 31 25 1024140
 2 31 26 1041843
 2 31 27 1037069
 2 31 28 1048983
 2 31 29 1050412
 2 32 2 2995913
 2 32 3 2812433
 2 32 4 2014744
 2 32 5 2430319
 2 32 6 1882017
 2 32 7 1755573
 2 32 8 1580563
 2 32 9 1419088
 2 32 10 1457752
 2 32 11 1303073
 2 32 12 1209750
 2 32 13 1186459
 2 32 14 1212872
 2 32 15 1086025
 2 32 16 1139148
 2 32 17 1128708
 2 32 18 1121110
 2 32 19 992113
 2 32 20 901300
 2 32 21 971345
 2 32 22 960983
 2 32 23 983844
 2 32 24 1053031
 2 32 25 1028471
 2 32 26 1074567
 2 32 27 1038469
 2 32 28 1049728
 2 32 29 1027879
 2 33 2 2889994
 2 33 3 2916967
 2 33 4 2000306
 2 33 5 2197351
 2 33 6 1949357
 2 33 7 1649677
 2 33 8 1561506
 2 33 9 1537773
 2 33 10 1510137
 2 33 11 1337721
 2 33 12 1298954
 2 33 13 1157757
 2 33 14 1204689
 2 33 15 1124555
 2 33 16 1147347
 2 33 17 1126525
 2 33 18 1115473
 2 33 19 771230
 2 33 20 968673
 2 33 21 987614
 2 33 22 960976
 2 33 23 923680
 2 33 24 1024689
 2 33 25 1074567
 2 33 26 1038469
 2 33 27 1049728
 2 33 28 1027210
 2 33 29 1097785
 2 34 2 2970513
 2 34 3 3105378
 2 34 4 1922620
 2 34 5 2230926
 2 34 6 1586689
 2 34 7 1675430
 2 34 8 1438409
 2 34 9 1559351
 2 34 10 1330721
 2 34 11 1325288
 2 34 12 1281067
 2 34 13 1192750
 2 34 14 1196226
 2 34 15 1093659
 2 34 16 1124001
 2 34 17 1119248
 2 34 18 1040721
 2 34 19 781455
 2 34 20 968673
 2 34 21 959770
 2 34 22 918597
 2 34 23 1024662
 2 34 24 1042002
 2 34 25 1038469
 2 34 26 1062072
 2 34 27 1027210
 2 34 28 1116506
 2 34 29 1098618
 2 35 2 2703447
 2 35 3 2874835
 2 35 4 1952388
 2 35 5 2035829
 2 35 6 1530465
 2 35 7 1718853
 2 35 8 1485679
 2 35 9 1747673
 2 35 10 1347309
 2 35 11 1298449
 2 35 12 1241048
 2 35 13 1218632
 2 35 14 1101447
 2 35 15 1089884
 2 35 16 1105068
 2 35 17 1114605
 2 35 18 857285
 2 35 19 855444
 2 35 20 1005337
 2 35 21 956840
 2 35 22 1068205
 2 35 23 1019415
 2 35 24 1074567
 2 35 25 1010837
 2 35 26 1049728
 2 35 27 1099075
 2 35 28 1059473
 2 35 29 919559
 2 36 2 2639035
 2 36 3 2903162
 2 36 4 2040289
 2 36 5 2048776
 2 36 6 1491621
 2 36 7 1778062
 2 36 8 1467780
 2 36 9 1566540
 2 36 10 1347309
 2 36 11 1162866
 2 36 12 1216961
 2 36 13 1298104
 2 36 14 1126994
 2 36 15 1110265
 2 36 16 1114770
 2 36 17 1061926
 2 36 18 832468
 2 36 19 968673
 2 36 20 960428
 2 36 21 1044601
 2 36 22 1024689
 2 36 23 1042002
 2 36 24 1056396
 2 36 25 1049728
 2 36 26 1098360
 2 36 27 1070898
 2 36 28 953313
 2 36 29 804195
 2 37 2 2639035
 2 37 3 2903162
 2 37 4 2000398
 2 37 5 2062302
 2 37 6 1636956
 2 37 7 1749237
 2 37 8 1461583
 2 37 9 1537192
 2 37 10 1363903
 2 37 11 1152896
 2 37 12 1164416
 2 37 13 1288680
 2 37 14 1096030
 2 37 15 1105068
 2 37 16 1110976
 2 37 17 1076425
 2 37 18 781455
 2 37 19 968539
 2 37 20 1138539
 2 37 21 1068205
 2 37 22 1042002
 2 37 23 1052969
 2 37 24 1062072
 2 37 25 1036311
 2 37 26 1083834
 2 37 27 948620
 2 37 28 918296
 2 37 29 840870
 2 38 2 2639035
 2 38 3 2837999
 2 38 4 2175405
 2 38 5 2261545
 2 38 6 1636956
 2 38 7 1662232
 2 38 8 1413478
 2 38 9 1532733
 2 38 10 1307065
 2 38 11 1149800
 2 38 12 1221752
 2 38 13 1237309
 2 38 14 1089932
 2 38 15 1105068
 2 38 16 1108498
 2 38 17 813165
 2 38 18 755096
 2 38 19 1096565
 2 38 20 1044601
 2 38 21 1029437
 2 38 22 1039882
 2 38 23 1020638
 2 38 24 1040480
 2 38 25 1090386
 2 38 26 935318
 2 38 27 923566
 2 38 28 825284
 2 38 29 877537
 2 39 2 2557661
 2 39 3 2837999
 2 39 4 2200585
 2 39 5 2235931
 2 39 6 1636956
 2 39 7 1541496
 2 39 8 1419481
 2 39 9 1570956
 2 39 10 1302189
 2 39 11 1368324
 2 39 12 1246900
 2 39 13 1233501
 2 39 14 1042558
 2 39 15 1111909
 2 39 16 1053190
 2 39 17 750928
 2 39 18 1054236
 2 39 19 1138539
 2 39 20 1067175
 2 39 21 1043007
 2 39 22 1054220
 2 39 23 1062072
 2 39 24 1036311
 2 39 25 930790
 2 39 26 948620
 2 39 27 824634
 2 39 28 851838
 2 39 29 959234
 2 40 2 3246404
 2 40 3 2974044
 2 40 4 2343803
 2 40 5 2370474
 2 40 6 1558501
 2 40 7 1541496
 2 40 8 1404346
 2 40 9 1327374
 2 40 10 1191817
 2 40 11 1301405
 2 40 12 1298357
 2 40 13 1187418
 2 40 14 1102396
 2 40 15 1112935
 2 40 16 1018715
 2 40 17 850977
 2 40 18 1062722
 2 40 19 1138952
 2 40 20 1021374
 2 40 21 1035944
 2 40 22 1072370
 2 40 23 1049699
 2 40 24 932445
 2 40 25 943780
 2 40 26 926859
 2 40 27 852001
 2 40 28 959234
 2 40 29 1117099
 2 41 2 3264011
 2 41 3 2992682
 2 41 4 2288183
 2 41 5 2285321
 2 41 6 1409750
 2 41 7 1539302
 2 41 8 1703291
 2 41 9 1322515
 2 41 10 1210504
 2 41 11 1208362
 2 41 12 1286388
 2 41 13 1137604
 2 41 14 1059037
 2 41 15 1061781
 2 41 16 1026757
 2 41 17 880080
 2 41 18 1115399
 2 41 19 1118460
 2 41 20 1039058
 2 41 21 1054220
 2 41 22 1083196
 2 41 23 899125
 2 41 24 930790
 2 41 25 974593
 2 41 26 837105
 2 41 27 882324
 2 41 28 1120323
 2 41 29 1089561
 2 42 2 3423869
 2 42 3 3164874
 2 42 4 2211251
 2 42 5 1947149
 2 42 6 1403132
 2 42 7 1398371
 2 42 8 1540740
 2 42 9 1369786
 2 42 10 1147049
 2 42 11 1178390
 2 42 12 1286388
 2 42 13 1121309
 2 42 14 1036265
 2 42 15 1256863
 2 42 16 905045
 2 42 17 926313
 2 42 18 1138539
 2 42 19 1120635
 2 42 20 1022271
 2 42 21 1072370
 2 42 22 946675
 2 42 23 911286
 2 42 24 923961
 2 42 25 928624
 2 42 26 851989
 2 42 27 1124957
 2 42 28 1121007
 2 42 29 954517
 2 43 2 3206212
 2 43 3 3022426
 2 43 4 1984722
 2 43 5 2136869
 2 43 6 1443340
 2 43 7 1424024
 2 43 8 1526758
 2 43 9 1354942
 2 43 10 1151497
 2 43 11 1216259
 2 43 12 1230178
 2 43 13 1057063
 2 43 14 1023927
 2 43 15 1161758
 2 43 16 873020
 2 43 17 946768
 2 43 18 1188376
 2 43 19 1016663
 2 43 20 1020192
 2 43 21 946675
 2 43 22 904651
 2 43 23 910133
 2 43 24 982188
 2 43 25 864312
 2 43 26 1054502
 2 43 27 1068713
 2 43 28 966616
 2 43 29 795525
 2 44 2 3359909
 2 44 3 2961309
 2 44 4 2153281
 2 44 5 1929266
 2 44 6 1630011
 2 44 7 1424024
 2 44 8 1515718
 2 44 9 1184308
 2 44 10 1168408
 2 44 11 1203942
 2 44 12 1101882
 2 44 13 1076831
 2 44 14 1247678
 2 44 15 1092885
 2 44 16 894762
 2 44 17 1134617
 2 44 18 1129612
 2 44 19 918959
 2 44 20 943556
 2 44 21 933520
 2 44 22 911274
 2 44 23 905480
 2 44 24 937234
 2 44 25 999285
 2 44 26 1139839
 2 44 27 1108975
 2 44 28 795525
 2 44 29 727721
 2 45 2 3206212
 2 45 3 3232674
 2 45 4 2174452
 2 45 5 1901400
 2 45 6 1597650
 2 45 7 1484246
 2 45 8 1543801
 2 45 9 1184308
 2 45 10 1030871
 2 45 11 1140261
 2 45 12 1151469
 2 45 13 1180180
 2 45 14 1197556
 2 45 15 853855
 2 45 16 896771
 2 45 17 1151992
 2 45 18 980834
 2 45 19 902202
 2 45 20 930922
 2 45 21 933520
 2 45 22 908041
 2 45 23 982188
 2 45 24 1018730
 2 45 25 1054502
 2 45 26 1143122
 2 45 27 826973
 2 45 28 818028
 2 45 29 705462
 2 46 2 3879721
 2 46 3 2783695
 2 46 4 2192016
 2 46 5 1857816
 2 46 6 1591076
 2 46 7 1461692
 2 46 8 1514879
 2 46 9 1072949
 2 46 10 1030871
 2 46 11 1152517
 2 46 12 1317602
 2 46 13 1241081
 2 46 14 1048356
 2 46 15 1026094
 2 46 16 901952
 2 46 17 1002083
 2 46 18 966563
 2 46 19 907008
 2 46 20 933520
 2 46 21 938092
 2 46 22 902826
 2 46 23 1093563
 2 46 24 999285
 2 46 25 1049457
 2 46 26 923736
 2 46 27 791121
 2 46 28 724079
 2 46 29 705462
 2 47 2 3941235
 2 47 3 2768880
 2 47 4 2214527
 2 47 5 1859609
 2 47 6 1563933
 2 47 7 1461692
 2 47 8 1367829
 2 47 9 1072949
 2 47 10 985888
 2 47 11 1386591
 2 47 12 1181291
 2 47 13 1110831
 2 47 14 1202330
 2 47 15 938601
 2 47 16 850959
 2 47 17 985294
 2 47 18 939226
 2 47 19 903371
 2 47 20 943822
 2 47 21 938092
 2 47 22 1166918
 2 47 23 999815
 2 47 24 1035047
 2 47 25 963750
 2 47 26 822396
 2 47 27 818028
 2 47 28 705462
 2 47 29 688699
 2 48 2 3667418
 2 48 3 3229507
 2 48 4 2249511
 2 48 5 1684751
 2 48 6 1481462
 2 48 7 1327332
 2 48 8 1370131
 2 48 9 1072949
 2 48 10 991888
 2 48 11 1174294
 2 48 12 1181291
 2 48 13 1322725
 2 48 14 1124697
 2 48 15 812869
 2 48 16 869349
 2 48 17 940848
 2 48 18 998974
 2 48 19 949240
 2 48 20 910184
 2 48 21 906433
 2 48 22 1184566
 2 48 23 1018730
 2 48 24 899990
 2 48 25 930775
 2 48 26 800721
 2 48 27 724079
 2 48 28 705462
 2 48 29 689813
 2 49 2 4014260
 2 49 3 3229507
 2 49 4 2049652
 2 49 5 1845404
 2 49 6 1342161
 2 49 7 1358891
 2 49 8 1280997
 2 49 9 1072949
 2 49 10 995903
 2 49 11 1126443
 2 49 12 1365141
 2 49 13 1281353
 2 49 14 939495
 2 49 15 818728
 2 49 16 879492
 2 49 17 956241
 2 49 18 947806
 2 49 19 943822
 2 49 20 950944
 2 49 21 1147224
 2 49 22 1093563
 2 49 23 894540
 2 49 24 910465
 2 49 25 838087
 2 49 26 818028
 2 49 27 688541
 2 49 28 689577
 2 49 29 714562
 2 50 2 4014260
 2 50 3 2709373
 2 50 4 2269499
 2 50 5 1671882
 2 50 6 1342161
 2 50 7 1349825
 2 50 8 1252726
 2 50 9 1147269
 2 50 10 1036596
 2 50 11 1258801
 2 50 12 1358906
 2 50 13 1114628
 2 50 14 854866
 2 50 15 795856
 2 50 16 896491
 2 50 17 977117
 2 50 18 946892
 2 50 19 1067447
 2 50 20 1092194
 2 50 21 1184566
 2 50 22 848166
 2 50 23 883308
 2 50 24 944766
 2 50 25 838087
 2 50 26 724079
 2 50 27 706361
 2 50 28 689813
 2 50 29 716265
 2 51 2 3463963
 2 51 3 3166786
 2 51 4 2056100
 2 51 5 1682097
 2 51 6 1342161
 2 51 7 1344023
 2 51 8 1099063
 2 51 9 1141777
 2 51 10 1273281
 2 51 11 1258801
 2 51 12 1185935
 2 51 13 1111660
 2 51 14 882698
 2 51 15 835410
 2 51 16 895748
 2 51 17 958171
 2 51 18 1107823
 2 51 19 1052248
 2 51 20 1108712
 2 51 21 1010048
 2 51 22 859583
 2 51 23 879186
 2 51 24 857301
 2 51 25 806238
 2 51 26 688541
 2 51 27 689813
 2 51 28 682487
 2 51 29 762964
 2 52 2 3943719
 2 52 3 2854182
 2 52 4 2045469
 2 52 5 1637331
 2 52 6 1342161
 2 52 7 1215759
 2 52 8 1026920
 2 52 9 1321620
 2 52 10 1229859
 2 52 11 1117411
 2 52 12 1137980
 2 52 13 1102768
 2 52 14 890519
 2 52 15 835536
 2 52 16 965078
 2 52 17 1074997
 2 52 18 1151367
 2 52 19 1101847
 2 52 20 978207
 2 52 21 932452
 2 52 22 842704
 2 52 23 912308
 2 52 24 857301
 2 52 25 737915
 2 52 26 689418
 2 52 27 689813
 2 52 28 716265
 2 52 29 760985
 2 53 2 3567279
 2 53 3 2724350
 2 53 4 2043497
 2 53 5 1867319
 2 53 6 1593815
 2 53 7 1233685
 2 53 8 1171078
 2 53 9 1392258
 2 53 10 1072639
 2 53 11 1200836
 2 53 12 1236264
 2 53 13 1080748
 2 53 14 885628
 2 53 15 881363
 2 53 16 1089121
 2 53 17 1057337
 2 53 18 1122300
 2 53 19 956486
 2 53 20 1009174
 2 53 21 823973
 2 53 22 883882
 2 53 23 870263
 2 53 24 833275
 2 53 25 701678
 2 53 26 689654
 2 53 27 689813
 2 53 28 716020
 2 53 29 777079
 2 54 2 3468073
 2 54 3 2724350
 2 54 4 2408389
 2 54 5 1857665
 2 54 6 1299017
 2 54 7 1627826
 2 54 8 1171078
 2 54 9 1209725
 2 54 10 1086554
 2 54 11 1167844
 2 54 12 1189533
 2 54 13 1002582
 2 54 14 819002
 2 54 15 1034452
 2 54 16 1030029
 2 54 17 1034683
 2 54 18 953804
 2 54 19 945369
 2 54 20 1030166
 2 54 21 823973
 2 54 22 862890
 2 54 23 870187
 2 54 24 769705
 2 54 25 702572
 2 54 26 689813
 2 54 27 699776
 2 54 28 761955
 2 54 29 689734
 2 55 2 3629356
 2 55 3 3135424
 2 55 4 2430401
 2 55 5 1874644
 2 55 6 1441060
 2 55 7 1660776
 2 55 8 1019328
 2 55 9 1237284
 2 55 10 1094718
 2 55 11 1168220
 2 55 12 1162537
 2 55 13 1028771
 2 55 14 1015047
 2 55 15 1067569
 2 55 16 1092662
 2 55 17 1082897
 2 55 18 1186470
 2 55 19 992086
 2 55 20 1006353
 2 55 21 843071
 2 55 22 895398
 2 55 23 857301
 2 55 24 701698
 2 55 25 701678
 2 55 26 702974
 2 55 27 699776
 2 55 28 717958
 2 55 29 877721
 2 56 2 3634515
 2 56 3 3172248
 2 56 4 2515717
 2 56 5 1874253
 2 56 6 1345176
 2 56 7 1397554
 2 56 8 1019328
 2 56 9 1238754
 2 56 10 1036594
 2 56 11 1186187
 2 56 12 1148395
 2 56 13 1093606
 2 56 14 1015047
 2 56 15 1069644
 2 56 16 1086420
 2 56 17 1089640
 2 56 18 1003711
 2 56 19 967940
 2 56 20 929041
 2 56 21 879530
 2 56 22 840291
 2 56 23 833275
 2 56 24 701698
 2 56 25 686112
 2 56 26 702974
 2 56 27 726272
 2 56 28 871540
 2 56 29 933861
 2 57 2 3186871
 2 57 3 2625434
 2 57 4 2497786
 2 57 5 1874539
 2 57 6 1143745
 2 57 7 1397554
 2 57 8 1073809
 2 57 9 1184700
 2 57 10 1180163
 2 57 11 1193348
 2 57 12 1342489
 2 57 13 1086043
 2 57 14 1066833
 2 57 15 1070222
 2 57 16 1100460
 2 57 17 939857
 2 57 18 956486
 2 57 19 985846
 2 57 20 810369
 2 57 21 882505
 2 57 22 870263
 2 57 23 775537
 2 57 24 702832
 2 57 25 686112
 2 57 26 723832
 2 57 27 987503
 2 57 28 851041
 2 57 29 941466
 2 58 2 3186871
 2 58 3 3021583
 2 58 4 2497786
 2 58 5 1646228
 2 58 6 1137224
 2 58 7 1404169
 2 58 8 1088130
 2 58 9 1177584
 2 58 10 1181234
 2 58 11 1447653
 2 58 12 1356875
 2 58 13 1097826
 2 58 14 1032975
 2 58 15 1025273
 2 58 16 918336
 2 58 17 914012
 2 58 18 934376
 2 58 19 985846
 2 58 20 810369
 2 58 21 912666
 2 58 22 870263
 2 58 23 717467
 2 58 24 702832
 2 58 25 710361
 2 58 26 903575
 2 58 27 871540
 2 58 28 878928
 2 58 29 775562
 2 59 2 3618442
 2 59 3 3045394
 2 59 4 2170311
 2 59 5 1646228
 2 59 6 1137224
 2 59 7 1335553
 2 59 8 1088130
 2 59 9 1184125
 2 59 10 1385330
 2 59 11 1402797
 2 59 12 1366727
 2 59 13 1090022
 2 59 14 1012349
 2 59 15 877802
 2 59 16 898566
 2 59 17 943613
 2 59 18 980550
 2 59 19 995938
 2 59 20 851040
 2 59 21 824769
 2 59 22 858468
 2 59 23 698558
 2 59 24 702812
 2 59 25 869300
 2 59 26 922683
 2 59 27 871540
 2 59 28 770068
 2 59 29 775562
 2 60 2 3550338
 2 60 3 2646124
 2 60 4 2170311
 2 60 5 1700306
 2 60 6 1166299
 2 60 7 1331069
 2 60 8 1089118
 2 60 9 1376310
 2 60 10 1443030
 2 60 11 1412982
 2 60 12 1312147
 2 60 13 1211719
 2 60 14 838633
 2 60 15 853047
 2 60 16 863639
 2 60 17 952372
 2 60 18 967940
 2 60 19 965038
 2 60 20 892472
 2 60 21 828850
 2 60 22 775605
 2 60 23 698797
 2 60 24 832597
 2 60 25 882553
 2 60 26 813017
 2 60 27 714520
 2 60 28 771613
 2 60 29 775562
 2 61 2 3063779
 2 61 3 2468002
 2 61 4 2149202
 2 61 5 1679737
 2 61 6 1166299
 2 61 7 1335645
 2 61 8 1277298
 2 61 9 1476351
 2 61 10 1418112
 2 61 11 1353311
 2 61 12 1328612
 2 61 13 1013106
 2 61 14 1077159
 2 61 15 830370
 2 61 16 888420
 2 61 17 952934
 2 61 18 993054
 2 61 19 810369
 2 61 20 895491
 2 61 21 844503
 2 61 22 726153
 2 61 23 846911
 2 61 24 836277
 2 61 25 935341
 2 61 26 713659
 2 61 27 739138
 2 61 28 771613
 2 61 29 757611
 2 62 2 3060249
 2 62 3 2604295
 2 62 4 2118159
 2 62 5 1679737
 2 62 6 1166299
 2 62 7 1566421
 2 62 8 1291156
 2 62 9 1476351
 2 62 10 1448771
 2 62 11 1362585
 2 62 12 1272973
 2 62 13 1179404
 2 62 14 883122
 2 62 15 813363
 2 62 16 868949
 2 62 17 952934
 2 62 18 998714
 2 62 19 810369
 2 62 20 926095
 2 62 21 880062
 2 62 22 869836
 2 62 23 851738
 2 62 24 838271
 2 62 25 669748
 2 62 26 714275
 2 62 27 783494
 2 62 28 971252
 2 62 29 844643
 2 63 2 3171910
 2 63 3 2604295
 2 63 4 2015973
 2 63 5 1679737
 2 63 6 1404291
 2 63 7 1682825
 2 63 8 1323754
 2 63 9 1487235
 2 63 10 1416204
 2 63 11 1278120
 2 63 12 1289186
 2 63 13 864282
 2 63 14 857000
 2 63 15 783019
 2 63 16 954438
 2 63 17 1000025
 2 63 18 963043
 2 63 19 844155
 2 63 20 857852
 2 63 21 1062446
 2 63 22 874793
 2 63 23 831499
 2 63 24 690551
 2 63 25 669748
 2 63 26 716426
 2 63 27 969307
 2 63 28 948771
 2 63 29 667292
 2 64 2 3911188
 2 64 3 3018879
 2 64 4 2364298
 2 64 5 2017656
 2 64 6 1453266
 2 64 7 1682825
 2 64 8 1293155
 2 64 9 1423877
 2 64 10 1464893
 2 64 11 1272514
 2 64 12 1127855
 2 64 13 874757
 2 64 14 851283
 2 64 15 782180
 2 64 16 964101
 2 64 17 994489
 2 64 18 963043
 2 64 19 844155
 2 64 20 1046699
 2 64 21 910991
 2 64 22 851738
 2 64 23 684973
 2 64 24 757720
 2 64 25 669748
 2 64 26 886333
 2 64 27 969307
 2 64 28 770819
 2 64 29 840322
 2 65 2 4136228
 2 65 3 2949096
 2 65 4 2364298
 2 65 5 1982578
 2 65 6 1459996
 2 65 7 1460754
 2 65 8 1292313
 2 65 9 1196027
 2 65 10 1432192
 2 65 11 1145882
 2 65 12 990007
 2 65 13 868920
 2 65 14 851283
 2 65 15 782180
 2 65 16 943738
 2 65 17 994489
 2 65 18 1010592
 2 65 19 1093372
 2 65 20 1046699
 2 65 21 910991
 2 65 22 701646
 2 65 23 686607
 2 65 24 687179
 2 65 25 865928
 2 65 26 914119
 2 65 27 805105
 2 65 28 867261
 2 65 29 828166
 2 66 2 4026050
 2 66 3 2949096
 2 66 4 2346238
 2 66 5 1812557
 2 66 6 1477439
 2 66 7 1427134
 2 66 8 1103682
 2 66 9 1227974
 2 66 10 1203295
 2 66 11 1211193
 2 66 12 1041304
 2 66 13 866154
 2 66 14 802781
 2 66 15 749996
 2 66 16 943738
 2 66 17 993244
 2 66 18 1038172
 2 66 19 1130608
 2 66 20 1046699
 2 66 21 720701
 2 66 22 701646
 2 66 23 686607
 2 66 24 869613
 2 66 25 865928
 2 66 26 783494
 2 66 27 955938
 2 66 28 860874
 2 66 29 831018
 2 67 2 3792942
 2 67 3 2949096
 2 67 4 2346238
 2 67 5 1487442
 2 67 6 1239556
 2 67 7 1146938
 2 67 8 1133772
 2 67 9 1227974
 2 67 10 1203295
 2 67 11 1211193
 2 67 12 1041304
 2 67 13 881315
 2 67 14 779887
 2 67 15 749996
 2 67 16 993242
 2 67 17 1199455
 2 67 18 1075326
 2 67 19 1041359
 2 67 20 862251
 2 67 21 735056
 2 67 22 684973
 2 67 23 727674
 2 67 24 840967
 2 67 25 701065
 2 67 26 1001902
 2 67 27 863141
 2 67 28 833086
 2 67 29 666907
 2 68 2 3657120
 2 68 3 3011542
 2 68 4 2097556
 2 68 5 1487442
 2 68 6 1134827
 2 68 7 1150177
 2 68 8 1182047
 2 68 9 1215142
 2 68 10 1253336
 2 68 11 1227182
 2 68 12 1028020
 2 68 13 855247
 2 68 14 779887
 2 68 15 775012
 2 68 16 1205711
 2 68 17 1185515
 2 68 18 1075326
 2 68 19 857852
 2 68 20 828002
 2 68 21 735993
 2 68 22 685846
 2 68 23 795544
 2 68 24 664842
 2 68 25 876260
 2 68 26 1000525
 2 68 27 863300
 2 68 28 669300
 2 68 29 666907
 2 69 2 3657120
 2 69 3 2567861
 2 69 4 2097556
 2 69 5 1566192
 2 69 6 1157382
 2 69 7 1150177
 2 69 8 1188607
 2 69 9 1255497
 2 69 10 1253336
 2 69 11 1067146
 2 69 12 1028020
 2 69 13 845737
 2 69 14 780880
 2 69 15 951637
 2 69 16 1205711
 2 69 17 1185515
 2 69 18 888830
 2 69 19 857852
 2 69 20 786710
 2 69 21 735993
 2 69 22 850524
 2 69 23 643261
 2 69 24 830985
 2 69 25 948638
 2 69 26 765621
 2 69 27 688850
 2 69 28 666678
 2 69 29 616638
 2 70 2 3118329
 2 70 3 2567861
 2 70 4 2097556
 2 70 5 1568188
 2 70 6 1157382
 2 70 7 1155936
 2 70 8 1188607
 2 70 9 1255497
 2 70 10 1280421
 2 70 11 1156210
 2 70 12 1027821
 2 70 13 845737
 2 70 14 949945
 2 70 15 989331
 2 70 16 1162646
 2 70 17 976604
 2 70 18 888933
 2 70 19 857852
 2 70 20 946988
 2 70 21 909382
 2 70 22 727674
 2 70 23 826219
 2 70 24 881637
 2 70 25 1001559
 2 70 26 765500
 2 70 27 691955
 2 70 28 666907
 2 70 29 653049
 2 71 2 3087256
 2 71 3 2435671
 2 71 4 2259604
 2 71 5 1601376
 2 71 6 1182800
 2 71 7 1173767
 2 71 8 1179328
 2 71 9 1351032
 2 71 10 1317679
 2 71 11 1133123
 2 71 12 1024917
 2 71 13 1015718
 2 71 14 934297
 2 71 15 1001520
 2 71 16 969566
 2 71 17 982040
 2 71 18 888562
 2 71 19 1067206
 2 71 20 952259
 2 71 21 721584
 2 71 22 804990
 2 71 23 830794